# Camera list with one line of data per camera:
#   CAMERA_ID, MODEL, WIDTH, HEIGHT, PARAMS[]
# Number of cameras: 50
1 PINHOLE 960 720 1158.822510 869.116882 480.000000 360.000000
2 PINHOLE 960 720 1158.822510 869.116882 480.000000 360.000000
3 PINHOLE 960 720 1158.822510 869.116882 480.000000 360.000000
4 PINHOLE 960 720 1158.822510 869.116882 480.000000 360.000000
5 PINHOLE 960 720 1158.822510 869.116882 480.000000 360.000000
6 PINHOLE 960 720 1158.822510 869.116882 480.000000 360.000000
7 PINHOLE 960 720 1158.822510 869.116882 480.000000 360.000000
8 PINHOLE 960 720 1158.822510 869.116882 480.000000 360.000000
9 PINHOLE 960 720 1158.822510 869.116882 480.000000 360.000000
10 PINHOLE 960 720 1158.822510 869.116882 480.000000 360.000000
11 PINHOLE 960 720 1158.822510 869.116882 480.000000 360.000000
12 PINHOLE 960 720 1158.822510 869.116882 480.000000 360.000000
13 PINHOLE 960 720 1158.822510 869.116882 480.000000 360.000000
14 PINHOLE 960 720 1158.822510 869.116882 480.000000 360.000000
15 PINHOLE 960 720 1158.822510 869.116882 480.000000 360.000000
16 PINHOLE 960 720 1158.822510 869.116882 480.000000 360.000000
17 PINHOLE 960 720 1158.822510 869.116882 480.000000 360.000000
18 PINHOLE 960 720 1158.822510 869.116882 480.000000 360.000000
19 PINHOLE 960 720 1158.822510 869.116882 480.000000 360.000000
20 PINHOLE 960 720 1158.822510 869.116882 480.000000 360.000000
21 PINHOLE 960 720 1158.822510 869.116882 480.000000 360.000000
22 PINHOLE 960 720 1158.822510 869.116882 480.000000 360.000000
23 PINHOLE 960 720 1158.822510 869.116882 480.000000 360.000000
24 PINHOLE 960 720 1158.822510 869.116882 480.000000 360.000000
25 PINHOLE 960 720 1158.822510 869.116882 480.000000 360.000000
26 PINHOLE 960 720 1158.822510 869.116882 480.000000 360.000000
27 PINHOLE 960 720 1158.822510 869.116882 480.000000 360.000000
28 PINHOLE 960 720 1158.822510 869.116882 480.000000 360.000000
29 PINHOLE 960 720 1158.822510 869.116882 480.000000 360.000000
30 PINHOLE 960 720 1158.822510 869.116882 480.000000 360.000000
31 PINHOLE 960 720 1158.822510 869.116882 480.000000 360.000000
32 PINHOLE 960 720 1158.822510 869.116882 480.000000 360.000000
33 PINHOLE 960 720 1158.822510 869.116882 480.000000 360.000000
34 PINHOLE 960 720 1158.822510 869.116882 480.000000 360.000000
35 PINHOLE 960 720 1158.822510 869.116882 480.000000 360.000000
36 PINHOLE 960 720 1158.822510 869.116882 480.000000 360.000000
37 PINHOLE 960 720 1158.822510 869.116882 480.000000 360.000000
38 PINHOLE 960 720 1158.822510 869.116882 480.000000 360.000000
39 PINHOLE 960 720 1158.822510 869.116882 480.000000 360.000000
40 PINHOLE 960 720 1158.822510 869.116882 480.000000 360.000000
41 PINHOLE 960 720 1158.822510 869.116882 480.000000 360.000000
42 PINHOLE 960 720 1158.822510 869.116882 480.000000 360.000000
43 PINHOLE 960 720 1158.822510 869.116882 480.000000 360.000000
44 PINHOLE 960 720 1158.822510 869.116882 480.000000 360.000000
45 PINHOLE 960 720 1158.822510 869.116882 480.000000 360.000000
46 PINHOLE 960 720 1158.822510 869.116882 480.000000 360.000000
47 PINHOLE 960 720 1158.822510 869.116882 480.000000 360.000000
48 PINHOLE 960 720 1158.822510 869.116882 480.000000 360.000000
49 PINHOLE 960 720 1158.822510 869.116882 480.000000 360.000000
50 PINHOLE 960 720 1158.822510 869.116882 480.000000 360.000000
