# Image list with two lines of data per image:
#   IMAGE_ID, QW, QX, QY, QZ, TX, TY, TZ, CAMERA_ID, NAME
#   POINTS2D[] as (X, Y, POINT3D_ID)
1 0.05553896 0.96150453 0.01551907 0.26867011 -0.00000037 -0.00000007 6.00000048 1 view_001.jpg

2 0.02240631 0.86347383 0.01307120 0.50372617 -0.00000016 -0.00000000 6.00000000 2 view_002.jpg

3 0.28074107 0.92674980 0.07237520 0.23891651 -0.00000017 -0.00000047 6.00000000 3 view_003.jpg

4 0.15455610 -0.94612300 0.04587382 -0.28081894 0.00000039 -0.00000002 6.00000000 4 view_004.jpg

5 0.17918623 0.77128375 0.13820952 0.59490486 -0.00000000 0.00000000 6.00000000 5 view_005.jpg

6 0.13743834 0.99027189 0.00298757 0.02152605 0.00000002 0.00000010 6.00000048 6 view_006.jpg

7 0.16893502 -0.81487249 0.11255766 -0.54293145 0.00000017 -0.00000003 6.00000000 7 view_007.jpg

8 0.42351279 0.79833567 0.20063760 0.37820844 -0.00000000 0.00000000 6.00000048 8 view_008.jpg

9 0.18154467 -0.98261310 0.00706702 -0.03825036 -0.00000000 0.00000000 6.00000048 9 view_009.jpg

10 0.03157250 0.68133220 0.03385133 0.73050920 -0.00000000 0.00000000 5.99999952 10 view_010.jpg

11 0.35610520 0.93074082 -0.02970587 -0.07764128 0.00000003 0.00000024 5.99999952 11 view_011.jpg

12 0.36252283 -0.84620872 0.15378497 -0.35896823 -0.00000000 0.00000000 6.00000048 12 view_012.jpg

13 0.27011297 0.59531757 0.31266968 0.68911076 -0.00000000 0.00000000 6.00000000 13 view_013.jpg

14 0.01908620 -0.98531070 -0.00328663 0.16966952 -0.00000012 -0.00000001 6.00000048 14 view_014.jpg

15 0.14216671 -0.64113425 0.16326053 -0.73626184 -0.00000004 0.00000016 6.00000000 15 view_015.jpg

16 0.59356031 0.80399996 -0.02116803 -0.02867290 -0.00000000 0.00000000 6.00000048 16 view_016.jpg

17 0.40608949 -0.91377083 -0.00433965 0.00976494 0.00000001 0.00000000 5.99999952 17 view_017.jpg

18 0.09261219 0.51211374 0.15195882 0.84028032 -0.00000016 -0.00000014 6.00000000 18 view_018.jpg

19 0.21342943 0.92580328 -0.07008552 -0.30401345 -0.00000000 0.00000000 6.00000000 19 view_019.jpg

20 0.34575868 -0.63675334 0.32887955 -0.60566852 0.00000001 0.00000019 6.00000000 20 view_020.jpg

21 0.23833477 0.33334391 0.53053765 0.74202977 -0.00000000 0.00000012 5.99999952 21 view_021.jpg

22 0.21364846 -0.93354793 -0.06421032 0.28057019 0.00000020 0.00000013 5.99999952 22 view_022.jpg

23 0.05250984 -0.47010459 0.09780318 -0.87560204 -0.00000000 0.00000000 6.00000000 23 view_023.jpg

24 0.41145397 0.77143462 -0.22842395 -0.42827183 -0.00000000 0.00000000 5.99999952 24 view_024.jpg

25 0.60802747 -0.79307422 0.02223806 -0.02900598 -0.00000000 0.00000000 6.00000000 25 view_025.jpg

26 0.10432921 0.30947047 0.30194050 0.89564244 -0.00000022 0.00000017 6.00000000 26 view_026.jpg

27 0.02681975 0.89786958 -0.01312052 -0.43924796 -0.00000000 -0.00000002 6.00000000 27 view_027.jpg

28 0.17148307 -0.39597352 0.35849915 -0.82781452 -0.00000000 0.00000024 6.00000000 28 view_028.jpg

29 0.22099114 0.30920745 -0.53783042 -0.75252383 -0.00000000 0.00000000 6.00000000 29 view_029.jpg

30 0.37453814 -0.81971172 -0.18009582 0.39415653 -0.00000000 0.00000000 6.00000000 30 view_030.jpg

31 0.00840078 0.29530611 0.02716695 0.95497942 -0.00000000 0.00000002 6.00000000 31 view_031.jpg

32 0.21547664 0.77390390 -0.15973331 -0.57369664 -0.00000009 0.00000001 6.00000000 32 view_032.jpg

33 0.07962281 -0.09915167 0.62105629 -0.77338104 -0.00000002 -0.00000008 6.00000000 33 view_033.jpg

34 0.01186537 0.02775420 0.39292024 0.91907704 -0.00000002 0.00000000 6.00000000 34 view_034.jpg

35 0.13455895 -0.81766719 -0.09089158 0.55231601 -0.00000000 0.00000000 6.00000048 35 view_035.jpg

36 0.05432594 -0.21361671 0.24040786 -0.94531511 -0.00000000 0.00000016 6.00000000 36 view_036.jpg

37 0.22633809 0.52385312 -0.32570452 -0.75383390 -0.00000008 0.00000022 6.00000048 37 view_037.jpg

38 0.34973058 -0.57919167 -0.38062544 0.63035689 -0.00000000 0.00000017 6.00000048 38 view_038.jpg

39 0.01096789 0.08284106 0.13079233 0.98788179 -0.00000003 -0.00000009 5.99999857 39 view_039.jpg

40 0.04354134 0.72936353 -0.04068555 -0.68152599 -0.00000000 -0.00000004 6.00000048 40 view_040.jpg

41 0.00797140 -0.01670704 -0.43054952 0.90237711 -0.00000001 0.00000000 6.00000000 41 view_041.jpg

42 0.08492770 0.25529633 -0.30401580 -0.91388482 -0.00000000 0.00000000 6.00000000 42 view_042.jpg

43 0.19242582 -0.65123022 -0.20801516 0.70398948 -0.00000004 -0.00000030 6.00000000 43 view_043.jpg

44 0.00106773 -0.00986402 0.10761096 -0.99414357 -0.00000000 0.00000008 6.00000000 44 view_044.jpg

45 0.08955257 0.54960501 -0.13357807 -0.81979971 -0.00000000 0.00000000 6.00000000 45 view_045.jpg

46 0.14321393 -0.33965567 -0.36116159 0.85655479 -0.00000000 0.00000000 6.00000000 46 view_046.jpg

47 0.01807756 0.17982328 -0.09837831 -0.97860027 -0.00000000 0.00000009 6.00000048 47 view_047.jpg

48 0.05511859 -0.55910412 -0.08116129 0.82327235 -0.00000017 0.00000001 6.00000000 48 view_048.jpg

49 0.04328171 -0.21475641 -0.19276698 0.95647649 -0.00000000 0.00000000 6.00000000 49 view_049.jpg

50 0.00171863 0.37233136 -0.00428393 -0.92808839 0.00000025 0.00000000 6.00000000 50 view_050.jpg

